[gd_scene load_steps=5 format=3 uid="uid://cuism2ceu0c7x"]

[ext_resource type="Material" uid="uid://bc35oxav1cw01" path="res://Material/Brown.tres" id="1_jcbmb"]

[sub_resource type="ProceduralSkyMaterial" id="ProceduralSkyMaterial_y1ckr"]
sky_horizon_color = Color(0.64625, 0.65575, 0.67075, 1)
ground_horizon_color = Color(0.64625, 0.65575, 0.67075, 1)

[sub_resource type="Sky" id="Sky_8wj12"]
sky_material = SubResource("ProceduralSkyMaterial_y1ckr")

[sub_resource type="Environment" id="Environment_4wx63"]
background_mode = 1
background_color = Color(0.08, 0.0564267, 0.0384, 1)
sky = SubResource("Sky_8wj12")
ambient_light_source = 3
tonemap_mode = 2
glow_enabled = true

[node name="Floor" type="CSGBox3D" groups=["Floor"]]
transform = Transform3D(1, 0, 0, 0, 1, 0, 0, 0, 1, 0, -4, 0)
use_collision = true
size = Vector3(40, 8, 5)
material = ExtResource("1_jcbmb")

[node name="Wall" type="CSGBox3D" parent="."]
transform = Transform3D(0.965926, -0.258819, 0, 0.258819, 0.965926, 0, 0, 0, 1, -17.5, 8, 0)
size = Vector3(4, 10, 4)
material = ExtResource("1_jcbmb")

[node name="Wall3" type="CSGBox3D" parent="."]
transform = Transform3D(0.965926, 0.258819, 0, -0.258819, 0.965926, 0, 0, 0, 1, 17.5, 8, 0)
size = Vector3(4, 10, 4)
material = ExtResource("1_jcbmb")

[node name="Wall2" type="CSGBox3D" parent="."]
transform = Transform3D(0.965926, 0.258819, 0, -0.258819, 0.965926, 0, 0, 0, 1, -18, 14.5, 0)
size = Vector3(4, 10, 4)
material = ExtResource("1_jcbmb")

[node name="ceiling" type="CSGBox3D" parent="."]
transform = Transform3D(-0.5, 0.866026, 0, -0.866026, -0.5, 0, 0, 0, 1, -13, 17.5, 0)
size = Vector3(4, 10, 4)
material = ExtResource("1_jcbmb")

[node name="ceiling2" type="CSGBox3D" parent="."]
transform = Transform3D(0.5, 0.866025, 0, -0.866025, 0.5, 0, 0, 0, 1, -8, 15.5, 0)
size = Vector3(4, 10, 4)
material = ExtResource("1_jcbmb")

[node name="ceiling3" type="CSGBox3D" parent="."]
transform = Transform3D(-0.707107, 0.707107, 0, -0.707107, -0.707107, 0, 0, 0, 1, -3.06066, 16.5607, 0)
size = Vector3(4, 10, 4)
material = ExtResource("1_jcbmb")

[node name="ceiling4" type="CSGBox3D" parent="."]
transform = Transform3D(-0.258819, 0.965926, 0, -0.965926, -0.258819, 0, 0, 0, 1, 3, 16.5, 0)
size = Vector3(4, 10, 4)
material = ExtResource("1_jcbmb")

[node name="ceiling5" type="CSGBox3D" parent="."]
transform = Transform3D(-0.5, 0.866025, 0, -0.866025, -0.5, 0, 0, 0, 1, 17.5, 12, 0)
size = Vector3(4, 10, 4)
material = ExtResource("1_jcbmb")

[node name="ceiling6" type="CSGBox3D" parent="."]
transform = Transform3D(-0.258819, 0.965926, 0, -0.965926, -0.258819, 0, 0, 0, 1, 11.5, 16.5, 0)
size = Vector3(4, 10, 4)
material = ExtResource("1_jcbmb")

[node name="back" type="CSGBox3D" parent="."]
transform = Transform3D(0.965926, -0.224144, 0.12941, 0.258819, 0.836516, -0.482963, 0, 0.5, 0.866025, 4, 3, -7)
size = Vector3(4, 10, 4)
material = ExtResource("1_jcbmb")

[node name="back5" type="CSGBox3D" parent="."]
transform = Transform3D(0.683013, -0.512047, -0.520866, 0.258819, 0.836516, -0.482963, 0.683013, 0.19506, 0.703879, 9.5, 4, -9)
size = Vector3(4, 10, 4)
material = ExtResource("1_jcbmb")

[node name="back2" type="CSGBox3D" parent="."]
transform = Transform3D(0.841506, 0.530543, 0.101939, -0.524519, 0.84753, -0.0810734, -0.12941, 0.0147546, 0.991481, -4, 4, -7)
size = Vector3(4, 10, 4)
material = ExtResource("1_jcbmb")

[node name="back6" type="CSGBox3D" parent="."]
transform = Transform3D(0.744934, -0.112786, -0.657536, -0.389542, 0.726605, -0.565952, 0.5416, 0.677735, 0.497338, -11, 4, -7)
size = Vector3(4, 10, 4)
material = ExtResource("1_jcbmb")

[node name="back3" type="CSGBox3D" parent="."]
transform = Transform3D(0.991025, 0.0356984, 0.128819, -0.065846, 0.969024, 0.238028, -0.116331, -0.244374, 0.962678, -6.5, 14.5, -7)
size = Vector3(4, 10, 4)
material = ExtResource("1_jcbmb")

[node name="back4" type="CSGBox3D" parent="."]
transform = Transform3D(0.701568, 0.705045, -0.103508, -0.699954, 0.65456, -0.285685, -0.133669, 0.272878, 0.952717, 14, 13, -7)
size = Vector3(4, 10, 4)
material = ExtResource("1_jcbmb")

[node name="back7" type="CSGBox3D" parent="."]
transform = Transform3D(0.857683, -0.449777, 0.249161, 0.256561, 0.794301, 0.550692, -0.445597, -0.408394, 0.796654, 3, 14.5, -7)
size = Vector3(4, 10, 4)
material = ExtResource("1_jcbmb")

[node name="DirectionalLight3D" type="DirectionalLight3D" parent="."]
transform = Transform3D(0.984808, -0.111619, 0.133022, 0, 0.766044, 0.642788, -0.173648, -0.633022, 0.754407, 0, 10.0564, 9.5)
light_energy = 0.5
shadow_enabled = true

[node name="WorldEnvironment" type="WorldEnvironment" parent="."]
environment = SubResource("Environment_4wx63")

[node name="Camera3D" type="Camera3D" parent="."]
transform = Transform3D(1, 0, 0, 0, 1, 0, 0, 0, 1, 0, 10, 10)

[node name="OmniLight3D" type="OmniLight3D" parent="."]
transform = Transform3D(1, 0, 0, 0, 1, 0, 0, 0, 1, 0, 9.18894, 0)
omni_range = 12.0
omni_attenuation = 0.3
